4.472,	-2.999,	-0.5,	7,	-3.6103,	S24A-cav5
9.812,	-6.057,	-0.5,	7,	-3.6103,	S24A-cav6
4.746,	-3.395,	-0.83,	7,	-2.3427,	S24V-cav5
9.97,	-6.932,	-0.83,	7,	-2.3427,	S24V-cav6
4.255,	-3.191,	7.54,	7,	-2.4387,	S27A-cav5
9.659,	-7.278,	7.54,	7,	-2.4387,	S27A-cav6
3.953,	-4.050866,	6.56,	7,	-5.6813,	T21V-cav5
7.663317,	4.961549,	2.12,	7,	-6.8247,	T149I-cav3
8.259686,	5.82917,	-0.19,	7,	-6.1568,	T149L-cav3
-2.972635,	8.760392,	-0.19,	7,	-6.1568,	T149L-cav2
7.037149,	4.183955,	0.65,	7,	-5.8247,	T149M-cav3
-2.707664,	10.006163,	0.65,	7,	-5.8247,	T149M-cav2
6.146119,	3.533739,	0.77,	7,	-4.8357,	T149V-cav3
-7.632721,	14.960516,	0.77,	7,	-4.8357,	T149V-cav2
-4.956158,	-4.992194,	1.05,	7,	-3.912,	T198I-cav4
-4.956158,	-4.992194,	5.31,	7,	-3.932,	T198L-cav4
-3.077361,	-6.20126,	4.22,	7,	-5.3233,	T198V-cav4
-3.503746,	-6.804495,	-3.46,	7,	-0.08,	Y20F-cav4
